1003328970069331968
1003268646070874113
1003266374473519105
1003259934417580033
1003024268756733952
1003017786355015680
1002971013313908738
1002968869043097600
1002954515941941249
1002951786301415424
1002950189668360192
1002946237652504576
1002892787803676673
1002884227753480193
1002877499448152065
1002666307043647489
1002539852171304960
1002510522032541701
1002508937445478402
1002506360351846400
1002298565299965953
1002177521599860736
1002176736761655298
1002160516733853696
1002159087830827008
1002156016060989445
1002141448232493056
1002027245131661312
1002023477531070464
1001978774219644929
1001973090107248641
1001961235838103552
1001875884142362625
1001873868498325504
1001873279597064194
1001848460881035265
1001834394359877633
1001807216297627648
1001807204519997442
1001807174249713664
1001455721588969472
1001424695126880258
1001420270094168064
1001417880116891650
1001415199516254208
1001410457092218880
1001404640796336128
1001220050995511298
1001212077699149825
1001151001699803138
1001149793496977408
1001149367271686145
1001108964216537089
1001103028626345984
1001099771602456576
1001085207825534976
1001055932376387584
1000837182297464832
1000831304836018176
1000741764565753856
1000726832843501570
1000718611688943616
1000554657859670016
1000465814192099330
1000462031500099584
1000458567147839488
1000396430371106817
1000391997969092608
1000387893427351553
1000385794115325952
1000375761604370434
1000366478846300165
1000174070061813761
1000152863035805696
1000151354701213696
1000145873274359809
1000138164923781121
1000114139136606209
1000064605903876096
1000061992042975232
999986971660423170
999984507574018049
999984503123857408
999984495179726848
999984492197613568
999761589476655105
999710267096354819
999695988813189120
999687630060118016
999686062082535424
999629710370983937
999626347361206274
999454450854039552
999442055670607872
999435250571726848
999373224059265026
999371735928582144
999323841351618561
999282325316866048
999278498182258688
999258232110579714
999257533327073281
999252093998370817
999249186762772481
999246677549768704
999243732506562560
999242039723163648
999239924401438720
999096013674680321
999096011174924289
999087688983764992
999010902472122368
998992271629570048
998704493335334912
998553122179084290
998546786628395009
998537117180588033
998534123399663616
998532136578748425
998528928259170305
998526637657546753
998525737593376768
998524172858019840
998256454590193665
998250447394820096
998202784683053056
998196033153839104
998194013193822208
998191501451628544
998189366844559360
998187672979038208
997951982467014656
997909163379449857
997899870903169024
997612079375945728
997597940444221440
997577906007298048
997573139663028224
997515759281680385
997493407097524224
997474432443707393
997471413266247681
997429518867591170
997422764909912065
997239623268085761
997238932311068674
997233764689498112
997227223638790144
997220260259487744
997136144465842177
997112687799697408
997095653875617792
997076300476055552
996887371210788864
996822740320575488
996822738101825538
996810253126787073
996802784090640385
996739376028835840
996739374619426816
996739372723638272
996728397362540545
996723907867676673
996487798759854082
996464466702274561
996460197005717504
996442654568341505
996391840860471296
996368474556583937
996366330436648960
996135379802755072
996129630913482755
996119678551552000
996046634864791557
996021417622851584
995980604016611329
995816799341088770
995758467645353985
